42.907092228395406 64.72991650936684
15.744134272426258 3.6375360660335643
99.11639012787926 26.492630492303014
78.36945677045617 81.88180088962561
22.58743610014663 19.225704180937885
82.01292090481634 77.0512713752
26.514674842361075 31.25986682472053
41.00093019912533 49.59708225121327
93.68931807998486 27.56515236585151
76.06677713623593 57.47451244054117
90.6988039283282 95.69574554811223
20.93772466149052 75.54291523874083
18.870307456023273 71.88095737227269
48.52842853296365 61.11523672064839
72.1920804259377 45.32299933962655
25.101703811436206 50.83433120748466
48.79989361768722 42.168565565572905
8.330630770755665 88.75262387226283
62.25384403884169 79.74225188536062
2.1929551705127115 66.22733479880178
-140.282931868873